11511 mereatu. 99

4. 7. 33, 35. 39. 59. H 1, 30. 46. 53. superba I 8, 77. H 5, 46. superbe HI
63. 3, 215. 16. 24. 27. 31 (011). 36. 8,22.10,2. superbal9,80. 1Π11,4.
43. 74 77. 4, 11. 24. 33. 52. 5, 36. 49. superis 11 1, 13.

6, 10. 31. 4344. 49. Π18, 1. 10. 15. supero superant P 28. superent Ι
24. 9, 7. 10 7. 16. 17. 21. 12, 3. 6. 4, 62. superabit L 2, 17.

19, 2. 4. 1. ia. u 1, 5. ra. 5155. supersum superea L e, 29. 5155.
3,20.4, 11. 15. 246368. 6, 25. 33. supersint P 6. .

34, Ρ7. 29. 119. 158. 165179. 182. supplex 1 2, 85. lI 6, 33. 55 plieeI
197. 814, 3. 16,1.17,1. 5511111, 2,14. su 1151511514,72.11119,24.
63. 5, 57. 7, 438 3. 113, 66. 4, 21. supplicat 7, 26.
, 6,10. HI 20, 3. 114, 88. Ρ 79. 129. supponaI8,33. supposuisseH1,42.
816, 5. 5111111,58.10,43.Ρ437. suppositaI6, 28.

208. 818,1. sis I 6, 75. 9, 84. H 6, supra P 66.
ζ36.Π111,13.12,19.116,30. 511 suprema11,59.

11, 15. 49, 2, 74. 3, 81. 6, 24. 56. 64. surdis 11120, 2.

67. 84. 8, 40. 9, 23. 40. (4οἐ 10, 29. surgit P 42. surgere 11,14. P 21.
6162. 63. 66. H 2,8.3,3 .4,50. suspensaill, 77. suspens0H1,6.
5, 64. 121. 6, 2. III 9, 3. 19. 19,10. suspensa 11 4, 23.
113,23473,6,1.25.Ρ16.47.81.555511511661.

85. 87. 10110519811151199202. suspiro suspirat I 6, 35. suspiret
S 13, 2. 14, 3. 16, 3. 51115516, 86. 11111, 11.

515112, 12. 4, 63. 5, 29. 6, 69. 9, 57. sustiuetL 3, 30. sustinuisse II 5, 20.
Π 1, 9. 3, 34. 5567. 4, 16. 5,121. suas sua 14, 77. ΙΙ 3, 31. 1Π12,16.
L4, 1. 6, 30. <P 136.) 55151850. 555514,75.Π5,103. 5551517,27.
5515 H 5, 88. 55551 1, 26. 2, 40. 4, II 6,35. suamI 10, 59. L 6,48. 555
71. 5, 30. 8, 27. 72. 77. 9, 24. 36. Ρ73.555Π597.Ι13,22,551511
451511. 113, aa. 15. 4, 5. aa. 5, 1, aa. 1151155. 5, 41. 11 2, 5,
48. ΠΙ 8, 9. 20, 2. 11 1, 25. 4, 58. 5,116. 116, 47. 55551425. 10, 41.
814, 8. 15, 2. 51511151. 5151 L4, 59. suaI2, 34. 5, 51. 10, 31.
110, 9. 21Π3, 14. 73114, 29. 36. II 1, 31. 5, 58. 87813, 6.
essetI2,63. 9, 41. Π4, 38. 515111 Syrio L 4, 28. 6, 63.

19, 6. 511513, 91. 4, 27. Π5, 43. SyrtisL4, 91.
11110,23.19,19.Ρ118. 5111 Ι 4, 53. Syrus Syroi 7, 18.

79. 5, 61. 62. 10, 65. Π 4, 43. 5, 56.

82. 6, 7.Π110, 21. 11, 2111, 18. 1511511513, 28. tabellis 813, 7.
P37. 814, 2. erimus L 5, 32. 15551155Π6,45.

eruntP 34. fuit I 2, 65. 3, 47. 15551114, 34. 15555117, 57. 1555
6, 77. 10, 1. 2. Π 4, 45. 11 1, 2. ΠΙ 20, 4.

2, 2. 3. 30. [4, 2611I 15515511 10, 7. 155115111512, 32. 6, 60.

fuisse H 5,104. 112, 18. L5, 32. tacitus II 1, 89. 155115 (dat. 515551
813, 10. 18, 2. fueras I 9, 1. fue· 19, 25. taeite (55111 6,12. 10. 34.
rant II 5,79. L4, 41. P184. fuisses ΙΙΙ 19, 811 5, 161 tacita I 6, 6.
15,19. fuer0L2,9. 15511112, 39. IH12, 16. 1551151818. 1551115
ΠΙ 10, 22. , 15155 1 9, 39. 151511 (abl. 5155511 9, 4. (1515117, 13.
10,11.Ρ62. 151517, 3. Π5, 21. taeda taedisI2, 61.

71. 6, 20. futura L 1, 26. futuri taedet 8 13, 10. taedebit 115 93.

1. 4, 41. futuris P 32. futura u 555111115114, 15. (acc.) L 1, s.
3, 36. Taenare L 3, 14.

summo (551. mure.) L 4, 21. (55511.) 15115 I 5, 45. III 8,13. 15155 Π 4, 7.
Ρ 202. 5511111514,22.111,11. 1515515115 L 4, 35.
55555515511Π823. sumite II 1,14. tam 1 [6, 7AE10, 56. Π 5, 62.

sumpsitH5,107. 15115511, 9. 2, 41. 57. 3, 13. 4, 54
super (eum 555113, 54. Π 4, 50. 5, 7, 6, 2. 56. 66. 8, 27. 9, 4. 75. II
5, 45. Ρ 114, 134. 3, 36. 6,14. 1119, 11. 12,6. 1. 1,(1.
1555115151112, 10. Ρ 23. 151, 4, 11. 6661} Muxxmufuua.

 

