70 1111161 1116661166.

66666611386. 4, 80. deducere18, 66611166111, 9.

21. 666666115, 65 6666616114, 31. desuevit 111 38.

66166661 5, 9. desum 66611 p 100.

66116111. 4, 20. 6611616111 I 4, 82 661616119, 16.
15161.6611616111Π5,86. 61116. 661616161313.

Ρ4. 6666661611, 60 6666161666616116Π315

P185. 661161611Π19, 14. deficient detinet 17, 58 8, 20. detinuisse
P19l 6616616111Π5,75.Ι2,948,74

defigereP84. 6611661616, 38.

6611661111, 18. defluxitL4, 81. detrahat 15, 32. 6611656115, 66.
661666166113,9. 9, 14. 661111111Π1, 73.

deinde 1 5, 73 deveneranda 15, 14

delapsa 116 39. 661166166Π5, 5. 117.
66161119,50’666166661161119,2
1161165616112, 31. 3, 9. 29 5,21, 6616611112, 46.

32. 6, 5 (= Diana) 1'119, 5 111661 661616115, 44 6616166119, 72.
11, 57. 61. 68. 2, 15. 71. 3, 23. 92. 661611118, 18. 6616166115, 41.
6,.55 85. 6616166113, 64

Ι)1116614,79. 6,.8 666612, 884, 8 73. 5, 57. 6, 43.
Ι)6166Π3, 27. 8, 7. 56 9,11.24.25.27,10,20.
116165166113, 27, 111, 79. 3, 142 32 4,.38 5,1.'4 111
6611161111Π9,.146611116Ι846 1015111913284195095
6616611615,20.9,78 119,'17.L 6,13.Ρ12’..163 661Π5,54,,1626
627. 661166166110, 56. 6661 4 527 7, 2. Π1 9

3331m2‚npm. 661315616’6μ6
wmmffime Μ65Μ63636
mmffl4‚ffl 1,61,6Ρ6.61Η6

566666161218 6,1,.4838968. 611141. 6661611112, 81. 8, 3.
denteeIII9,3. 11110, 25. 666111Π5, 77.,L4 43.
661166111Ρ156.66116619,68.661166 P68 666612, 38. 62. 3, 10. 52.
Ρ154 dens0P186. densieP195. 6, 30. 10, 60. 111, 26. 37 54 2, 12.
6666661119, 7. 6611666Ρ128 3,30. 5, 22. 6, 54. H1.1014 19,16.
oemtmm‚5 mffi5memhne
6666661161Ρ128.6661611104661161611510.
6666111112, 49. dep ellereI5, 37. dextrum P 104 66111614, 51.
depellite I 1325661116 (acc. p l.ur) P 95.
deperdit 14, 29. Dianae ΙΠ9, 19.
6611166161Π5,72. 61661144361611Π11014.61661
deponitIIi, 48 dep osuitsl3,4 111, 31 Ρ18. 30. 616611166Π2,1.
666166661611112, 11. 616116 111, 5. 22. dicere 11,72.
6661666161Ρ44. 3, 31 5, 5. 6, 31 7, 23. 10, 3111
661666161219. 1, 73. 5, 94. 11111', 18. 114, 46.
deripit110, 60. derip 6166612, 82. 6166566119, 29. 6166161 111, 54
666611113, 78. 66661615, 60. de· dieetI6, 21. 114, 49. 5, 61. ΠΙ
66161115, 40 6666161666Π5, 52. 1025 61161319. 11161112, 1159
6666116611,11.666611611111,.32 541655 Π567Ι1481 61116-
666166116111Ρ188. 111111Π5,71.6166115,10.6161161
666166666666111Ρ19.Ι2,51.6,.10 Π1, 68. 318. 5,20.
desino 11 6, 41 6661111618, 77. 6166111113, 59. 6166116Ρ176. 6166-
desineI8,7L4,.80 6666116144 1618136. 61616 (pomp 166)
6661616618 67. 352. (ace.,)L4 78. 61611612, 54
6666166611781516).6666161611-116.
16118, 34. - Dic 11614,.25
deep 61112, 96. des 6612 54, 6161111 171828 114,.11 ΙΠ11,
6666116111112 7. 1..16 6, 32. Ρ 65. 205. 8153.

 

