’11011 3111011111.

’1111111οΡ 139. transg1QessaH175.
Theseae L 6, 39. 113111111111 5, 90.
Thessala 114, 56. tremeret I 7, 4.
’111111Ιὸ, 46 tremul5 I2, 91. 6, 78,
11111117, 47 11186. trep1d1sII321.

555’5‚553.5555553’
19,13. tribuetur11110,19.tribuenturP192.

1151111115 69. 11111116 2. 8142 1111111143,
tigillis 111, 39 tristem 112, 27. triste HI 10, 7.
4444418116,46.18,36.Ι16,22.1111111111 41421141341411441444331133,
Π11071111111Π1,20, 1111111 35. 111111591162. 11111111150.
4,216,,21 timetoI5,.69 timere 817,.3 1111111113, 19.,,,550828.
144μ811111111112,28,6,,24 10114911442638 1111115111
1111114111 I3, 51. timidis 113, 33 113, 65. 1111110111110, 22,
1111011215 1111111011 I 7, 40.
11110112241111918, Ι16,25.Τ11113115,16.
1111101116,59111,77.111011111131011, 12. triviisl3, 12. 5, 56.
114131111111111111 II 5, 5.
1119ςέ1 {g ,52 ΙΙ4, 28 1111111844 tltirlilmp 1¹33) 1139 91191199 119118.
um 1 lum·
Tisi pho,neI3 69 phts 11, 33
Τ1111Ρ51. 143. 157. Τ11131115, 61.
’111014 73. Τ11111114 74. 11113101 115 46.
111111111Ρ33 1111111111114 54. ’1101911549
Tityos 13, 75. trucibus I 9, 76.
5550 9 3- 55· 3,· 9
101111118,45.112,21.1111111111 47. 9, 516 0567. 77 78. 1¹13, 33.
3,11. su5latum8151. 63 64. 5, 11.13.79.113. 6,17(533).
tondeatL1, 10 1011141111Ρ172. III8,.3 23. 10,16. 14,13. 19.
torques 116, 17. 11120, 4. torquet 12, 719, (511), 12 19 (511111
14,8.1101111558491114,64.,6 5111111115.
10, 11 torta 646 78 1119, 12. 64214. 31 80 9041
101111113, 55 1011131114, 42 9, 50 453). 3. 3² 3. 27. 33. 55.

9,
3,111(
62178
8879
5 5,61.
91910108196. torum115100. 57 794353 ,947923
39.
5
1
1

3,
33
35.Lwomn5255.5555 313,1
9ΜΜ,9. 99399
mmm.5 5555 3.
99,9Μ3 Μ3991
1011111113,24.11,6 51. 12, 2, 353315.

19999.9.Ρ919119999,1’

10108152101312,25.5,30,6,32.1791921982018154 , .
Ι16,.,.618183 1010111,20.14)101 17,.,.1181 1110911453.
I3,61. 2,78.13,6.,,573326.,
111111111316. 5, 710 11. 6,19.

7.
4,
37.
22
19

6,

9.1,.
1.,45.
6

1101111911341116,1180. ,( ). ἴ,3. 454123,

1110119111, 2. .,.35 114
111311111819 traducat11,5 10,3.1725.41,4.7511’.1,25.
1111111620.11311311111347 325450 859οΡ 5137149
1131101110,13 150. 191203 8171μέ1, te (011(

transeo transire 15, 73. 1133111111 Il, 57 2, 64. 71.
4, 27 111), 15, 111911 Χ

 

