104 11111113 3113301011

31310116 28. 10, 55. 111, 34. P37 31131133114, 14 virgineamL4, 89.
313101111 5,10. 3118111131 11 5, 64.
31010113Ρ105. 71310113Π5,45. 3115011, 66. ’114,31.

ἱ· > 33333113 3111311134 3311 (31131314

3131111111, 43. (fem.) 114, 40. 31111131Π4, 27.
31113οΠ3449.,.,.4155131531Π31111114Ρ1.

511 31113344,4Π125. 31113118, 8. 313 31131 (30111.,)Π6 10 Ρ2 (033.)
3111311116, 81. 3111331 114 59. Ρ111. Ρ 168

3111313114, 48 82. 3111112, 43. 89 3110131313, 76.

433. 31011116. Π5, 754 Ρ67. 31131316, 21.
3111313115,17.431(1311112,56. 31-31111111114,.9

1111111Π2,5. 3113018182 3113313113110, 11. 111, 37. P303. 31133
13,.90 31131119, 71. 41Π]9,.5 1127.34,7 (Ρ11423 >.311311115,19.
3333133114 33. 3111 114, ’34 1111,’ 13 31311, 3

3111311111Π3, 77. 31514116,1.Ρ171.311311117,33.
3181131111Η51921311831111811276 1155, 2111. ’3113111, 7. 10 47 31115111
3113111 3113113

31,1314 70. g 3111114111110,7. 3111019, 73.
3111133149 3111331131 011031131311, 27

3111013Π’3, 76. 3111316, 67 311131Π5, 53.
311111113Π34,15. 3111113141,21.

3111313119, 70 3113131110,28.111311111111111Ι317.

11141929 3111313Π1163111311111 31331116, 59 313316, 63. 313113
Ι1’, 55. 9’,7.9 Π6, 25 ’3111310 Ρ36. Ι15,31(511). 31331311, 25. 11119,9.
31114313 (nom ur. ),11 64.( (.033 )1 112,.4 313353111935. 313311
10,28.Π5,’11484.4Ι16,2. 4,65. 3113111114464150.
3111011311, 55.’ 3111311112, 90 II380. (31131310331Ρ93. 313314, 20. vices
31131315,.,.66638Π41,..7284,.4 Ι19,.64

Π19, 14. ’,11 14128 3111111012.

311130 31131114 40. 64, 58. 3111331Π UlixenP49.

628. 3111313114, 52’ 31113313Ρ91 1111111114, 43. 1111311, 52. 3, 43. II
200. 3131111616. 3133131113,.14 1,9 11119411423 (26>Ρ127

·; 3130151115,60.3111311111111·114’76. 11411117,.2 ullae 111139 1111331111
υ 3131333. 331111,1,.1114 4,.333',33
,ι 33111,.33,.313,11111,33 1151111113.

313131Ρ107. ’310101’8,49. 310101 ultorem 13, 72.

Π4 39 3131311267 4313111122. 111113Ρ25.

113', 116. Ρ57. 3111019, 45.

311101113Π2 18. 19. 1111113115, 55.
3103311035.31151311411.5,.96 umbrae 113 33
31111116,141.3111012,1.5,.37 31113 umbram41,13'3,.9 1111151311 27
(133111139313311111 11620 Ρ154 111115111Ρ’.68

4 3101311113 15, 52. 6,.47 Ῥ79 310-1111151331113115,97.

131115Π18,’3. 3111510111Π9,2. 1111151013 113 72.
330103101313’,16 51. 31013311279. 1111151013(11ο13. plurw)141
3101131113,81.’9,19.3101313276111113111311938

310131111391013 1519.) 114, 24 (acc. umero (dat.) 18, 33. (351.) 14, 64.
311142493441141, 23. 3111114, 58. 6,42 34111114411184’3144
331333101111310 L3J14. 1333113, 31.

433. v’irum13,.33 Π46,.3114’,.62111110113111Ρ1’57.

31101411441114144145 ’144343141114146414 446 ζ14344 14494418 112, 16. 4, 10. 5, 44
3110119,604Π1,72.11151.2.30.Ρ[142]1’55.33153
1331311331, 11. 135. 3113113131 1131331

 

