96 111113131111111111311.

Saturniam, 33. 11113113. 133. 1131331531

Saturnus 8311111111 3, 18. SaturnoI 189.

3, 35. 115, 9. 3311331318,42.10,40.113,8.5,16. ;
3131131113 ΙΙ 5, 109. 3111131316, 49. senectae 14, 31 33113313 16, 77. .·

33131418. 115, 25.

scelerata I 3, 67. 3311331113Π2,19.

scindo 33133331 10, 53. senex L 5, 26. P 50. 112 a, 3311131
33138151. 3131111512. 3111311322. 9, 74, senem 1 2, 90. 4, 80. 6, 82.

seire 1 5, 42. 33131 I 5, 27. 7, 56. 10, 44. Π 1, 74. 5, 94 senes ¹

3331111118 16, 4. 18, 50. seniorH4, 47.
scutum I 10, 65, senis 115, 16.
3371311489. ScyllaeP 71. sensus S 14, 7.

seyphps110,8. 33111319,65.Π111,19.33111131Π 7
Scyth1aeL4, 31. 43311136.3311131141131631 .

333319, 22. 3311311470. 12, 40. 58. sensitII4,3l.
seeretis 111 19, 9. sepositam 11 5, 8.

sectatur 1 10, 41. 33313131 ll 3, 7. septem H 5, 55.

secubuiselss, 26. sepulcro 11131. 33331313138.
seeundo I 2, 75. sepulcris I 2, 45. 5, 53.

7

3331113311,77.10,10.816,1, 33-3311111111113,56.116,1. sequuntur ,1

curae 17 4, 50, 116, 31. securum] 11, 87. sequaturI4, 68. sequiI
1,48, securo (1111133.)113,32.(113111ν.) 1,48.2,66. sequensL4,46. sequar
11 1, 46. 3364111113, 46. securos 16, 23. 10, 27.

11454. 3311112 6. 8, 76.

sed I 1, 9. 27. 67. 2, 23. 63. 3, 5777. 3313113116, 32. 3313131261.

90. 4, 15. 54. 74. 5, 20. 39. 68, 6, 7. 33113313, 63,

57. 73. 75. 7, 44. 45. 46. 8, 25 (5131. serius seriaL6, 52.

23. 52. 33. epe] 71. 73. 10,15. sermone 1 6, 17.

3333 .......
4, 3. 34. 33. 51. 5, 7. 25. 79. 107. 3, serendam, 3.

’1

1

1 31 31 3 31 35 ³50 seram 71, 7. 1111311311.

1113363111191111131115.1313111435. serpentum13,71.,

17. 12, 3. 13, 23. 11, 3. 21. 27. 3, 1111331111. serperetP 72.

1327. 3, 7341. 13, 33. 7192. 5, serta 112, 3. serta (acc.)Il, 12. 2, ,
23. 3, 17. 25.56.P31.34. 153130. 11 33. 3, 33. 1, 33. 10, 22114, 48. -

3133. 6, 32. 331113Π5, 97116, 64.
331133 Ι 1, 56. 331131 I 10, 58. ΠΙ 10, 331131115,113. 33113116, 76.Π19,4.
18. Ρ42.115. 3313311330. sedebo servato 16, 16. servate 1 10, 15.
11633. 331131316,34 3311351115,23.
3311331367. 33113114, 24. sedes servato III 10, 20. servandam
12,81.10,18.11153. 6, 37.

sedo sedare P 46. 3311111297. 3311131ΙΠ11,13. ser- .

sedulus 15, 72. II 4, 42. sedulal vire Π 3, 30. ΠΙ 12, 10.

3, 84. 4, 80. 5, 33. ΙΙ 1, 50. servitium (nom.) Π4,3. (ace.) Π1,42.

segesll, 43. 3, 51, 10, 35,Π1, 19. 41ἰ ΠΙ 11, 419, 22.
1333333313· 333311.
33β111311,58.4,28. 33111317, 62. 331319, 4. 11421.

semnctimP 103. 3311311433. se1018. 41 (55). · =
33133133 ΙΙ 3, 57. 3313311315, 32. 331111,11.12.2,17. 18. 3361111111. .“

1313113, 3. 11 3, 43. 10, 31331115113143. 33111).
3313131413. 11133131113.3131131131

1331111131. 11333133. 3331356111513.33111313. ἵ.

131131113333313433131. 31357751101103. 1331333111 ἰ

544 0. 5, 52. 61. 6, 1. 65. 7, 64. 9, 57 . 206. 207. 208.
,ΙΙ 2, 19. 3, 69. 5, 31. 6, 20. 111 3313133116, 21.

 

