100101 vernorum 63

amo 01001113, 20. 6, 51. 01110 ΙΙΙ 6, 24. L 1, 10. 2, 15. 16. Ρ 189.
1110110010..00 111111..Ρο ,

00 0001 e: 0000· 000110
². 1 (1 ( ) r
L 6, 49. 010001001811. II 4, 39. 3, 34. ,00110οο (abl. 01000111, 58.
1111111111 10101. aafflrlrrfff 1111111011 1111 400. 410011.)
1110114400. 40110. 40010. 1000. , ⁶
6, 30, 16. 1, 44. 8, 41. 52. Π 3,14. annus I 2, 25. 3,16. 01110οΠ 6, 55.
1811511111· 1111111· 3111111181 18 9 58 10 4.
5’ 5'1. 10 ’10. 11100. 0 10. 5 41 1 1100110 10.11.’ ’ ’ ’

7'1. 4, 4. ²55. 4101. 111100. 914. 10111144οἶ

12, 12. L 4, 65. 66. 6, 11. amoris 1100110113, 11. 4, 13. (000.) Π 5,19.
0000. 00000 0000

6,1. 0100101014, 61. 9,19. Amor applauso 11 1, 66.

(00011 6, 2. 116,15. 0100101221. applieuisse ΠΙ 10, 4.
11111111 ⁹553. 1111 1111111064·

2,.59. 89. 3, 81. 6, 35. 9,1. Π2,11. οξ10011,44-. 0 1019,ἵο Ρ62. 63.
4, 41. 51. III 11, 11. 14, 3. 001οΙΙ ,60 00101000. plur.)
amplexus 10000101.) 18, 32. 9, 74. I 4, 54. aptius HI 10, 21. (adv.)
119111111110100. 1111211, 00. 11101100. 410.
1110, 3. 1, 10. 10, 5. L 1, 00 00). 10, 55. aquam 41044100.
014, 0. 11414. 4, 42. 5, 8. 10101400.
0110111001 Ι 2, 94, 4,18. 5,16. 6,28.1,22. 9,50. 115, 34.
anguinea L 4, 87. L3, 38. aquae H, 3, 68. aquis HI
angu1518, 20. anguesl3 69. 8, 20. aquasll, 47. 3, 80. 4, 66.

1101011400. 1101001411. 0101110410011414.111140.
000010001831. 0011010010οΠ5,60, 40011010011133. Αιὲο1101100113.

Α1110110115, 69. 00011οΡ133. 01001 ,2311415
animamL2,15. 0111100015, 51. 2, 1. 5, 6. ΙΙΙ 19, 23. ariell 1,11.
0111111011οΡ 164. Arabs 112, 4. III 8, 18. Arabes L
animum 8 14, 1. 0111111016, 81. 2, 24.

815,1. animosLe, 13. 41011411.

annosum L 6, 58. annoso L 2, 19. 010101 Π 1, 5. 0101011011 3, 4.
011000 I 413. 4, 19. 20. 115, 76. 82. 01011019,1. aratrum 113 1. 010110
11112,19.Ι11,2. Ρ169. 0111οΡ 11451. Ρ161. 01011011, 29.
122. 0110001115109. 0110001453. Araxe P 143.

4, 35. 6, 64. 1, 63. 8, 43. Π 4, 45. arbitrium L 6, 14. arbitrio 8 14, 8.
ΠΙ 8, 23. P113.189. 00111011, 35. arboris I 1, 28. Π 5, 96. arbore 11
0110000 annua (nom. 5529.) 11448. 5, 29. arboribus (0101115, 32. (abl.)
P 172. (acc. plur.) Π 4, 48. Ι 1, 32.

01100 I 8, 14. arcessere I 10, 33.

ante (praep.) Ι 1, 14. 16. 56. 2, 61. [01000 Ι 4, 44] areu II 1, 69. areis
93. 3, 8. 3012. 4,14. 5,14. 10, 8. ΙΙ 5, 105.

16. 111, 54. 2, 22. 4, 22. 24. 46. 0140111111 1 22. ardentem Π 4, 46.
5, 49. 55 4 100). 110. 0, 55. 111 ardentes 11 1, 01. 411. arsuroi
9,16.11, .12,4.19,16.L2,11. 461.

12. 4, 20. 93. 8 18, 2. ardorem818, 6.

0111010010.) 13, 10. 89. 6, <42ζΙ 42. arduus P 87.

10, 58. 1140411. 18. ,98 010015, 22.

 

