16 111021112116011616
111111, 21 22). 1011. 2, 2. 41. 46 (dat. 2111111463 111660031011.

{6365‘63363} 3. ,322 ,1222112333
42. 246 61.’66.'103 ‚ 24 4 4242. 4243424241424244114223441412444122
321. 11111312. ’ ’ ’
13, 2. 16,1.16,1. 44 4’ 2222144224 414 3424444444 L 4 44
1311122111, 56. ' bresI’Y 26. 4 nubre 4 44 4484
61111136 1342, 46 ι1,.12, 4, 12. 3, 66. 616. [1421311142]
1131311419122. 222422412464224444444444 44
ffifflse 11³¹?ssss 122223οΡ194 {111men006 11641.
11111111 3163111 1220. P116 4441414424141421412221414424414244444 4444
231331·11232331211221211034· ' ’
,1,12, 13. 1136. 11111111211242442424 44 44
lglturplssl· Ι 1 , .1mm11113,4666.
{gnavusPL 4, 81. ignava L 3, 36 1244242424321454242.
1ξ4141414 2134346. 4, 46. 111 11, 6. 1134. 2222224222 31'9 · ·
⁸1g11611, 6461 igneam, 11. 12 6 ' .4,64,1mper10
ιξὲἓέξὲἓιΙΠῗ, 8123 1gnosee 1 6, 29. 121ρὲνῶ imperat H 3, 34.
66666 31333 3 3140· {166661
{lfss 11111οέ1 ἐξ, 21. '' ' 2ξ1414214141411414122141411.123112,26.3 10.
{lion Π ,5, 22· ιὲέῙῗὸθ. (nom. 21121313, 6262166.
mmm ‚p 1 3,14. 642. 144.
126165636556· 6· 3563⁷1325²6⁶3 4411142142156 4464
6ο.63.111ζ1ὸ.1’2.’2,1’2.3’ 2661] 2141444444 16’ 14' 444444444444444
1⁵9⁹ 14. 4, 36. 3, 12. 60. 1063 111 11 1114444144 1'2 3'1
ο. 10, 6. L2, 2. 3. 412, 6, 13 (6613 1112414114ῗῖ 263. 0'6 113 6
16. P60. 62. 616, 3. 11312, 11. 2111111314, 36² ·’ 2144
12. 20. 21. 3, 11. 4,12. 6 21. 22. ln (1113 acc.) 1 2, <6⁰6⁰ss 26. 2 6
42. 6,1. 16. 66. 6610. 6 16’. 46 61. 32. 66. 60. 6 66 46. 6 60’ ’44
242123411333421423. 10 6116’3. 4 44’ ’4444
26. 60. 6, 16 33. 6 21. 61. 41. 111 6, ’23 2 322241 “ 4 44 444
1213. 2212, 6. 10’. 16. 11 619. 263 3²14 (2.) 63. 42164344 4 4 4
ἶ, 2426414212141421141241 6'511111611} {203 061'01. 100. 1322264122
Ξ, 12 1³6 6}ss 1ὲ1ἑ113ἓ1112ΐ1183, 56611111 1514244 42 3244642. 4224434242. 432 42
21111114,1’3.1,33.’2,31.1’3.’2 20. 11Ῑ 143143134115141·44346443ζ
L 1, 21. 111 (fem.) 13,11.3’22. 60. 10, 14'. 20 2. 2422214 44
113, 66. 61. 61, 11. 416 P'162. 2612. 4 6 6, 26. 20. 06. ’162414
111111132211111131126133. 3131612123 ⁶ 144
11311116, 23. 2, 61161. 1112 1. 100 2'6 3 6'16. 11.'16.8661³'4L23⁰'=2²'
113, 11. 14, 26. 11312 62. 142. 312.’1>12.31.33.112.’11’444444
111211, 66. β, 41. 1111 (1261122212.) 11122 uatumP 43. 4444444444
2223222423 22233.

 

