11111111 11115111. 103

vello vellere L 5, 20. verbo I 2 79. verba I 3, 52. 8, 2. 11
1511111111. venere 1581). 1, 31. 1131. 1111111311.
vellera ΙΙΙ 8, 16. verba Ι 2, 22. 5, 6. 9, 26.10,57. II
velo 1515111114 55. 1511111515, 15. 1, 52. 74. 2, 1. 3, 4. 5, 4. 94. 112.
veloxP114. 15155151119,13. 151151 6,12. ΙΠ 10, 14. 11, 18. L 1, 22.
15, 24. 4, 42. 6, 38. 51. (555111 6 52.
vetum vens L2 21. 1111111513. 66. 13511311.
15111555. 111, 11. 111.

151111Ρ41. 1511515, 26. 151151111Π 1, 23.
15111111 4, 67. vendere I 4, 59. 9, 151115(1111.11115.)Π1,49.(1111111155)
32. 51. 77. 114, 53. 11 1, 59.
veneni H 4, 55. 1511311115,Ιο 15155115, 4 11 1, 64 versarem
15151511 1, 11. veneratus 114, 47. 113,6, 1515511111 5, 70. versantur
veneratal5,33. venerandaI7,56. 13, 74.

H 5, 43. ΠΙ 8, 10. 1515111115, 111. P201. 15151Ρ34.
1511111 9, 4. 10, 34. Π 1, 76. 89. 2,1. 151511Ρ 17. versibus L 1, 8.

3, 38. 5, 46. 1Π 6, 12. P 96? 815, 4. vertice I 7,15.

veniam I 3, 89. venias I 7, 53. vertit Ι 2, 44. vertimus 110, 6.
151111Π2 21.4,43?1119‚17.[. 15115119, 12. L 4, 95. 15115151
11113151. veniant 11 3, 51. 511. 1115111111. 15115111
P 98? 151111 7, 64. 10, 67. ΙΙ 1, 3. 5, 38. vertitur P 169. 151515 L 2,
81. 5, 2. 6. 7. ΙΠ 8, 2. 10, 9. 12,13. 26, 1515512 10. 151515114, 18.
venite 11 1,13. veniens 1. 4, 53. 111111111118, 13.

1511151151 6, 62. veniet I 1, 70. 151116, 49. ¹

5, 31. Π4,43. III 12,19. venient 551111 1111511450. 1515111111αῆ
Ρ98. 1511111276. 3, 65. 5, 48. Π4, 51. L 4,1. (acc.) Ι 6, 31.
9,43. 113, 22. 6,40.L5, 16. 6,32. 4, 51. 5, 63112, 7. 4, 5. 6. 11. 77.
8131. venere I4,31.L1, 1. ver6110‚2.

151511118, 15. (sut. 55.) Ι 6, 73. 15551111 5, 64.

7, 61. 1511115514, 5. venturam Vestales II 5, 52.

14, 44. 8, 65. vester vestro 111 8, 24. 15511551
υ511111151511111119,5.23. 10,16. 15511511, 20. 9, 6.
ventus 114, 40. 1511114, 21. L 6, 15511 ia (nom.) Ι 9, 57. (acc.) HI 8, 7.
27. Ρ 124. 1511151338. 7, 20. 113. Ρ13.

9, 9. Π 4, 9. 15115511, 45, 116, 155115 Π 4, 30. 11436. 15515111
50. Ρ 58. 15111516, 54. 9,14. 10, 61,Π5,7.Ρ121. 1551512, 26.
Ρ194. 9, 56. 10, 27. Π1, 13. 3, 76. 5, 97.
Venus Ι 1, 73. 2, 16. 34. 4, 71. 5, 40. 1118, 12. L2, 18. 155155 (1111111
58. 6, 14. 83. 8, 5. 28. 35. 57. 9, 20. 7, 47. 8. 13. (1155.)Π 3, 53.
111,13.3,3.5111.4,34.51.119.1515115311. 1511112, 24 4, 74
ΙΠ8,,3.9,19.19,2. 14. 813,5. 9,24, 116, 45, 15111114, 23.
7515115 I 2, 79. 90. 3, 58. 79. 4, 21. 1511511,12. ΙΠ 12 20.(1511.) Ρ111.
79.10,53. ΙΙΙ 9,18.19,23. Veneri veteris I 10, 18. 11 1, 27. 151151
19, 81. 11 3, 29. 7515151112, 40. 8, 42. 151515518, 50. Π3, 69. 4,
4, 59. 5, 8. 9, 76. ΙΙ 3, 35. L6, 48. 47. (fem.}P 63.
Venus (voc.) 1 2, 97. 11111,13. 1515181 ,2.

Venere I 10, 66. via Ι 4, 41. 9, 16. 10, 4. 11:616. 6, 3.
1511515115, 4. Ι 11119,Ῑο 1155φ511.)17,57.314,6.
15111112, 41. 151551Ρ133. 1515- viae (1151.)11, 26. 1111111564 115Ι
cibus P 119. 16, 42. Π 5, 62. viae Ι 3, 50. 1155
1511351515, 3. 9, 22. 151551151511 11, 52. 3, 14. 366 72. 9, 36. ΙΙΙ
3, 80. 1511151516, 38. 46114, 66. 78. 3, 544, 17. 1111212. L1,4T
verbenbus I 8, 6. vicinia P 167.

verbero 1511511111 10, 60. verberet 1151115Ρ145.11511111Ρ131.1111111
12, 7. 111. 1131. 1111111511.

 

