1119191915911511. 69·

1111111119, 99. 1115111111 9, 19. 1111911195. 1111111491991.
5151551555, 91. 51ΠΓ9Ἢ51145595159055515 5155)
15259515111599. 1515513551. 05555555 dd.
09199119,41.14,94. 1111111111 1111111955. 11115999. 111-
&1499 1111111491. 1115151ῗῖ5555, 9. 1111111 11 1, 91.
11111 59. 11111114, 95559. 1111111991. 115, 199. P 190.
ddddl 9, 99. 111 9, 9. cambus effi& d'dd'dl 9, 119.
9199199491. 1111111114, 99. 1111111955.1’95.’
ἷτὲιᾶξ119114ὣ5. crudelius (adv.) {cffich 1} 18,65ξί.1>5 16 curvum
erue’nta L 6, 94. 51115199 Ι 5, 49. macc.) P' 90. (5551191115.) II god.
ffidpnod'zdde, 42. 116, 955111.) 51515510 1551154) Peg-{3953} lffld:
1551515559. 9‚99. 0199149911,49. 55555555 5 52551 8' ὅδ’ Π 4' 33'
cubaret Ι 6, 11. 51191591 1, 19. 3, 84. 5, 91. 113, 93.
cultor III 8, 18. 4,32. ΠΙ9,4. 12,11. 59519559555111.)
.. 9 99
11915915591113959111919·
9, 11. 5, 9. 99. 9, 55. 9,11.19. 9y119141.
10, 9. 19. 19, 1. 99. 9, 99. 94. cytherea 9 19, 9.
cum (coniunctio) (cum ind.) Ι 1, 47.
Ι59. 9‚99. 99. 49. 90. 15. 4, 94. 1, 91. 1111111919.
, 91. 9, 49. 99. 9, 99. 55. 19. 15, 919. dapem 1 5, 99. da 1511 111, 91.
11 1, 41. 9, 99455 1449159119. da 11154915, . 115, 99.
, 119. 5, 14. 94 41, 5119, 5. 19, 99. 51 1,19. 94. 40. 99. 9, 49. 99. 99.
11,10. 19,19. L 9, 9. 491. 9999. 99. 9, 99. 5, 9. 99. 111, 19. 99. 9,
= 9, 419. 99. P 41. 199. 199. 994. 99. 59. 1119,19. 11, 9. 10. P 911.
(11111111191455. 9‚9.19.4,99. 9191.
19. 9, 9. 19. 99. 10,19. 119, 9. 9, 91. 51115 90. 11111599. L 9, 9.
1. 9, 919 19. 199. 1111115549. 115, 99. 511 (111.)
cumffidddl3d4d' 5115515515ἰὸ5 1515251149 Ι995 'd' -
5399 11111. 11151119, 19. 199.) 11111111’5,54.85551111511’9,99,
cuncus Ι 4, 18. cunctos 9, 99. decederem, 19?
οωέοτξκ155751915555151551355555555951ιᾷ91459 99 4 99 111
1991919 915 ..9915999 199919·
.,.up ..ecrrwecrerrmw
1191199999199 0²³ {Edddd’9}⁹990091⁹9
cupid 11 3, 41. cupiant 11 3, 31. decrescit Π 5, 31.
9599991199· 9191199 9
151111945599451. 5191911119. 51111111111199911111149.
555555551515581515951519545 5555055515Ἰέ 1. 5151111195.
curam 1,61. 5111915551114, 43.Ι 11511. 99919919,9'1.

cupidum18, 74 cupldiP35. eug>

 

