92 11111111 vuuuouuu.

² propositoL6, 9. purpureusL4,30.purpureu14,68.
proprios16, 63. purpureum Π 3, 58. urpureuIII
pffqteqdposip.) 1 6, 51. 65. 1, 25. 1241ξ911111ρ111101154 purpureos
,1111111115 1111116 1113151311
ρ101ρ111115,12.Π5,58. prospexit 1110. [1111111936. puris (fem.)
11184111013111, 11, 8 9. 11. ,111111141154111138 parem&
13, 1.,1I1.3132.3 qmqesqs 4111ἑ, qq puqs 1 ἑῇ, putat 1 6, [11.] 80.
1ΞΞ1Σ1111515111111111·’(((((((
1131111111 16121941 1111111911.
,1418118111811245113844111 ί11111111,2 1465511135181191181111
1111111ῗί1 1511 1141911101 1111 1111114111) 1ο1
1411111135 1111111111, 11. 1111118114, 11.

pud0r14, 14. 112,1, pudone I3,83. quadru esP 128.

pudore 8 13, 1. quaero 4,19. quaerisP30. quae·
3,11.(161111811131143 311 1131111111.111311.((1151ῑ
6, 44. III 8, 24. 10, 16. 12, 2. 19, 4. quaerebamf3,16. quaerere1H326.
1115155111111 1111151581 ...,.

11. L 6, 51. 8 15, 1. 11, 1. Puellae qualibet 1 2, 28.

111111.)Ι2,5.115,101.ΙΙ 12, 9. (1111111113, 91. 1,21. ΙΙ4,11. 6, 39.
112, 1. 814, 3. uellamI 6, 51. L6, 23.P19. 20. 43. qualemII

10, 59. Π 3 1. 849. 111 20,1. 5, 9114 29. 813,1. qualeH4‚ 36.

111111111181111111114. 1111111613. qualiterP84.

8, 28. puellae ΙΙ 3, 61 . 6, 9. L 433. quamI 1, 45. 52. 3, 35 (bis). 4, 28. 29.

uellarum III 8,15. 1111111113, 63. 30. 31. 81. 5, 59. 6, 21. 84 8, 53. 18.
11161. 4, 29. 11111, 3. puellas 10, 2. 39. II 1, 10. 3, 5. 32. 4, .
111,11.3,49. 5, 108116, 53. Ρ 32, 813, 2. 8.
11111111295. 3,12. 4,58. 16. 5,4. 16, 4. 11, 4. 18, 5.

9,11.15.19. ΙΙ 1, 59. pueriI 3,11. quamquam P 1. 28.

1111111014, 39. 8, 21. 35. 49. pue· quamvisl4 41. 43. 6, 61. 8, 15. 59.
11111113. uer (000114, 83. 11111, 1111119. 111150. 11181.
8,61.116,5.1119,20.116,5.62. 814, 8.

puero II 5, 94. puerorum I 4, 9. quando HI 10, 22. Ρ 43.

pueris L 5, 26. puen' (voc.) 14, 61. quandocumque P 210.
pugnaePIOO. quantus 1 1, 15. L 6, 23. quanta
pu 111115111831. pugnabitl4,54. P138. quantum11,51. quantum
p 1111111151. 1111111114, 51. 52.

pullaI2, 62. quareL4, 49.

pulsare Ι 6, 13 quasillo 8 16, 3.

ulvis 19, 13. quaterI 10, 63. L 3, 26.

pumexL 1‚10.> quell, 11. 3311111. 35. 4041. 51. 53.
pumicet L 1, 10. 58. 151111). 18, 2, 12221 (511138.
puniceumll3‚ . 4511161). 82. 3,2. 14. 25. 31. 34. 38.
puppiI4,45. P63. puppesH5,46. 4556. 5915111. 61. 69. 15, 83. 85.
purgamuuH 1, 11 (Mu). 4, 2. 25. 26. 28. 31. 82. 5, 8.11. 15.

 

