111111 1110011111. 86

110οΠ3, 74Ρ182. 1101οΠ3, 68, 100011111Π2,16. 10000110111113
Ρ73. 10100111, 38. 6, 91 Ρ110, 1011111
1101111046. L4,.9 11’0101’10,.48 1010οΠ1
movetl6,.589,.66 11011117,.38 1315 1010111123,,3,9666 1010
III8,7. ’1101101011063 m04erit (0301.ρ1.111·)110,3 (00’0.)Ι12,8.
116 ’54. movetu118, 66. 6,2,0
11011288,.4666,73.11’2,,20 1010110112, 1. 21. 814, 1, 16,3.
1101101011έῇ 20. natalem 11011, 1010110(0003)Ι
(1111101110 113 141.) 7, 63 ΠΙ 11, 19. 12, 1. 101011
11111101Π2,32 8’16,2
1111111οΠ63 72. 1111111013, 28. [6,.]7 (10101144
1111111111(110000011.)816,1.1111101011110οΠ4,
Ι2, 3. 6, 17. 59 mult-512, 30. 10111013,’ 40. 36.
4,76.9,43.,L33.,.464 11111011011,67.2,1 16 3633,,,2142(11’0).
63.’,6076Οο,26.1111111019,.181683,6,6’13.,.620311,62,11,.29
11401604010004115, 108. (1100113)ΙΙ 9 17. 41'. 113, 67. 4, 7. 22 6, 28.
3,36,,.436111111001763111823 37 41 ΠΙ8,4’,,391810 612, 73
Ι,6,32.111111011,2.Π3,4211114,76.82.1)11,’,8,1381,62,.6
3,6’1111111018,.634. 181.

1011010101 150.' mundum14, 18. 1010, 01. 11, 10 111 11, 10101).
’3333313330313130’313”3131330133310311001000100.110-
(0001.)Ι4, 63. 115, 37. Ll, 4 (000.) 00100112, 39. Νο001113(000,,)Ι.1 23.
11,20.,.,468823(110).9,’12,1113,.123,6’,.29

24. 3, 24.6,18,Ρ7.11111101111110’ 110011, 9. 26. 29, 37. 38. 64. 71. 73.
19,1’1. 223 11)2426 416477 7893
1111110011 4, 38. L 3,18, 3, 39. 47. 89. 4, 31. 47. 49. 62. 5, 67.
1111110116,’49.11111’1οΡ174,63146686976726436783
Μ1100014,36. Μ1100014,67. Musae (110). 4, 16. 37. 32. 58. 709 23. 59.
433 13133035 330100001100013. 0303311313 1310ΙΙ 14 114’44
(000.)1110.,624 4243.44466,21,93.,,643ΠΙ
0110111016 00 0,.,0100.11,1’0.10,.1 48 0, 0.
1111101οΡ63. ’111101111118μ1343 33. Ι12,,,73’29(610)’, 30. 4,1.16.
mutatus 1129. 1111110103 P 306. 16. 19. 26. 51. 62, 606 ,60 70. 83.
1111010018, 40. 848668 6.87 90, 915 69,.10 11
11111,οΠ634.12131661936364666Ρ6
1111110012, 63 676 11111, 6 7 714 2730404200) 66 6171
11111106100101119116, 141131 19. 73118126127,128.138.139.140.
(000.)1100.)111132,8,143144162164192200,
11711033(0001.0109’.)114,28. (00010001Ρ168.

plur.) 13, 66 · 1000111016 8 15, 4.
1111101102728.10101110(11001,0101·,))116,12.(000.)
mysticaL6,L 1642 Π618

Naida L 6 57. negle44431184) ”310353131313313 e31 Ι73 ’1133
101111112639 67 77327 1134.⁰.’48 10 01111336 10 001
4,,1038.66’0.,,,66946..111’,86 4,.41100112,.38’11610’1’)11,
0, 32 103 ’110 11101οΙ10311.10001111,50.1108’011114,15,
22443. 85. P38. 393 4554. [’82.) 1101110010 11361 4, 59. N4mesim
101183188.113,61.6,111.6,27.
10110,.,110163769.114,,36Ρ112.10110’813,’.8
1211161110110012369 Π3, 28.

10111οΠ2, 7. L6, 63. nemusnemoraL3, ’.16

10110116, ’42 111101813μὸ 0001011113, 363 1101101111 x

10,
10,

 

